0.00 0.00010
0.10 0.09520
0.20 0.18135
0.30 0.25923
0.40 0.32974
0.50 0.39353
0.60 0.45125
0.70 0.50346
0.80 0.55072
0.90 0.59349
1.00 0.63217
1.10 0.66718
1.20 0.69886
1.30 0.72751
1.40 0.75345
1.50 0.77692
1.60 0.79815
1.70 0.81737
1.80 0.83475
1.90 0.85048
2.00 0.86471
2.10 0.87759
2.20 0.88925
2.30 0.89979
2.40 0.90933
2.50 0.91796
2.60 0.92578
2.70 0.93284
2.80 0.93924
2.90 0.94503
3.00 0.95026
3.10 0.95500
3.20 0.95929
3.30 0.96317
3.40 0.96668
3.50 0.96985
3.60 0.97273
3.70 0.97533
3.80 0.97768
3.90 0.97981
4.00 0.98173
4.10 0.98348
4.20 0.98505
4.30 0.98648
4.40 0.98777
4.50 0.98894
4.60 0.99000
4.70 0.99095
4.80 0.99182
4.90 0.99260
5.00 0.99331
