1.007440 0.985284
1.016815 0.967200
1.023640 0.954345
1.032075 0.938809
1.063799 0.883652
1.070930 0.871923
1.077750 0.860922
1.082621 0.853192
1.091776 0.838943
1.092080 0.838476
1.128102 0.785784
1.133379 0.778484
1.136453 0.774279
1.186950 0.709799
1.239243 0.651159
1.241045 0.649270
1.267558 0.622393
1.274195 0.615926
1.308588 0.583975
1.314351 0.578865
1.315952 0.577458
1.433899 0.486365
1.464526 0.466236
1.511313 0.437816
1.528984 0.427754
1.588238 0.396432
1.728267 0.334795
1.768476 0.319744
1.812523 0.304392
2.177076 0.210986
2.224790 0.202033
2.459490 0.165314
2.548109 0.154015
3.025320 0.109259
3.032280 0.108758
3.043784 0.107937
3.066260 0.106361
3.528720 0.080309
3.648130 0.075138
4.018893 0.061914
5.818046 0.000000
