0.007412 0.007385
0.016675 0.016536
0.023365 0.023094
0.031571 0.031078
0.061846 0.059973
0.068527 0.066232
0.074875 0.072141
0.079385 0.076316
0.087806 0.084062
0.088084 0.084316
0.120536 0.113555
0.125203 0.117682
0.127912 0.120069
0.171387 0.157504
0.214500 0.193056
0.215954 0.194227
0.237092 0.211081
0.242314 0.215191
0.268948 0.235817
0.273343 0.239168
0.274560 0.240094
0.360398 0.302601
0.381532 0.317185
0.412979 0.338324
0.424604 0.345971
0.462625 0.370371
0.547119 0.421386
0.570118 0.434541
0.594720 0.448283
0.777983 0.540668
0.799663 0.550519
0.899954 0.593412
0.935351 0.607552
1.107017 0.669456
1.109315 0.670215
1.113102 0.671462
1.120459 0.673870
1.260935 0.716611
1.294215 0.725887
1.391006 0.751175
1.760965 0.828121
